26f30bf3979a5a1b40ae358fc7cd584aa66964bbbd5a5d28e09d10ef7449f7da 6 6 276 3
ac615e9db036b3f252187688186ae2ad01faced9884009d779132db7193a12fc 37 18 1346 198
a65344eadd678cd5527b46e863d05373df47f4faa917fb717cff893fac7ba76c 6 6 1272 16
7f1f6a6e12c487e35713bd69b05c4f1db12914fd812227faa40fbcf215f2ffcc 3 3 53807 0
5e7efbd3acbce0c95d4a531ccc961ba1b9859b57fb0cf68862d492e702169165 6 6 15108 349
12b72d5d0a17e424a659cb0e56a1cfaa090f333a46284350fe3d97dd2874b947 5 5 9239 2155
97a676af307f957e45f08c01c1699166a20bc7a071ff85ba7d9ba46141b4c5b9 42648 42527 77360 69413
16c32d09f8028fc9fd7b944cf732f61b8f9407fad56d4f7e9b13f39d89da3411 2 2 7207 0
ed12acb7c2d5de17bf5bc9003e9397addb5405c71634d6592cfc209027559ae0 4 4 283 0
16807fe1b1e3a421734a1680b5c28e5edd0442c87f50148b4454d1147e900b2b 24 1 1 1
737a8c0e45fa4f06a897ce58ae49d5078e4d073e0fbc48e2b3a7dd125bc09359 23 1 1 1
f4a70632b6823280a512246704d1e2494b7b4cf086217aec56fd7afccda9c1c7 1 0 0 0
7ffc7e6b915341b1fc6bc2b5ddea2631055b40e14053bfd699afa1456c1aa798 10 10 2071 1138
0c8a100fd6b69fd77e9f03e635f55eb557aaf66044b1942f7160bb80badb6515 19 19 12891 1041
817f7db16cc57ae6887f86b6a3b2a94cdc0f63194d55af882fbf13803e636c37 33 0 0 0
6913b30d691eca50a1ce67eee5ec658ee6672d1b022b4b8af6d896222a2dc4dd 47 19 12605 1711
03c21a83c881607f8d96a96f6f8810d76792664b59463a787522595b3b25c5c9 11 4 14781 312
c8ed1e6069b0207456150bcaf183233a06e65fd8944e4e12d1605149dd82b578 2 0 0 0
2953fc416f7187615fd8fe5e2f203493fa95bd9faff335f1367301662862673e 4 3 511 1
e8df457310b9f90a84d60c08d80ef8f747d1355a1c4340b32eedc085019d3856 29 5 537 2
ea0e513c79a39be7b69144dd6f66431407e08ec780278caaa02879b5a1e8c846 10 2 296 0
8419329e1b6541eeb7ceab7778e035b2f350a955d313a83968dabfb669740987 11 3 367 65
b646a9dc38e783228ce251568dc603f1b65fcc33cb715836c2dede19e16cfaca 11 3 367 65
87675a0dfbf263bb4d2d7c1b2461d0090d40d4c79d6ae1adf331e8ca3e7f2c4a 29 5 537 2
90d3644ee51d72acf17d214fe64ebe51ee53ab587c8f58670891c164d0b0e696 13 6 14794 314
46c56e6bac24c42a4d4368ad64b44076c7249750d570552e266b49af64df482f 35 35 15840 1649
7d45578a7270fa7e63235dc3b034c82ff5bcb7c8626f4f39c056a4a3b046c710 4 4 8102 169
25ec34794054367aff162dc96cce3322c68fcdbd3d14c4a19f19749347a210cb 15 15 7406 11
79c71c140952d4a653022c1c5997a036195c382ebedff413dfab8fc56391f34a 2 2 625 21
fc8e0bc912430b338764c7189e001002c4f00e3ecf2a2a6e6cfd47e2abd015fb 4 0 0 0
